0000000000,0000000000,0000000000,0000000000,0000000000,0000000000,0000000000,0000000000,0000000000,0000000000
0000000000,0000000000,0000000000,0000000000,0000000000,0000000000,0000000000,0000000000,0000000000,0000000000
0000000000,0000000000,0000000000,0000000000,0000000000,0000000000,0000000000,0000000000,0000000000,0000000000
0000000000,0000000000,0000000000,0000000000,0000000000,0000000000,0000000000,0000000000,0000000000,0000000000
0000000000,0000000000,0000000000,0000000000,0000000000,0000000000,0000000000,0000000000,0000000000,0000000000
0000000000,0000000000,0000000000,0000000000,0000000000,0000000000,0000000000,0000000000,0000000000,0000000000
0000000000,0000000000,0000000000,0000000000,0000000000,0000000000,0000000000,0000000000,0000000000,0000000000
0000000000,0000000000,0000000000,0000000000,0000000000,0000000000,0000000000,0000000000,0000000000,0000000000
0000000000,0000000000,0000000000,0000000000,0000000000,0000000000,0000000000,0000000000,0000000000,0000000000
0000000000,0000000000,0000000000,0000000000,0000000000,0000000000,0000000000,0000000000,0000000000,0000000000
0000000000,0000000000,0000000000,0000000000,0000000000,0000000000,0000000000,0000000000,0000000000,0000000000
0000000000,0000000000,0000000000,0000000000,0000000000,0000000000,0000000000,0000000000,0000000000,0000000000
0000000000,0000000000,0000000000,0000000000,0000000000,0000000000,0000000000,0000000000,0000000000,0000000000
0000000000,0000000000,0000000000,0000000000,0000000000,0000000000,0000000000,0000000000,0000000000,0000000000
0000000000,0000000000,0000000000,0000000000,0000000000,0000000000,0000000000,0000000000,0000000000,0000000000
0000000000,0000000000,0000000000,0000000000,0000000000,0000000000,0000000000,0000000000,0000000000,0000000000
0000000000,0000000000,0000000000,0000000000,0000000000,0000000000,0000000000,0000000000,0000000000,0000000000
0000000000,0000000000,0000000000,0000000000,0000000000,0000000000,0000000000,0000000000,0000000000,0000000000
0000000000,0000000000,0000000000,0000000000,0000000000,0000000000,0000000000,0000000000,0000000000,0000000000
0000000000,0000000000,0000000000,0000000000,0000000000,0000000000,0000000000,0000000000,0000000000,0000000000
0000000000,0000000000,0000000000,0000000000,0000000000,0000000000,0000000000,0000000000,0000000000,0000000000
0000000000,0000000000,0000000000,0000000000,0000000000,0000000000,0000000000,0000000000,0000000000,0000000000
0000000000,0000000000,0000000000,0000000000,0000000000,0000000000,0000000000,0000000000,0000000000,0000000000
0000000000,0000000000,0000000000,0000000000,0000000000,0000000000,0000000000,0000000000,0000000000,0000000000
0000000000,0000000000,0000000000,0000000000,0000000000,0000000000,0000000000,0000000000,0000000000,0000000000
0000000000,0000000000,0000000000,0000000000,0000000000,0000000000,0000000000,0000000000,0000000000,0000000000
0000000000,0000000000,0000000000,0000000000,0000000000,0000000000,0000000000,0000000000,0000000000,0000000000
0000000000,0000000000,0000000000,0000000000,0000000000,0000000000,0000000000,0000000000,0000000000,0000000000
0000000000,0000000000,0000000000,0000000000,0000000000,0000000000,0000000000,0000000000,0000000000,0000000000
0000000000,0000000000,0000000000,0000000000,0000000000,0000000000,0000000000,0000000000,0000000000,0000000000
0000000000,0000000000,0000000000,0000000000,0000000000,0000000000,0000000000,0000000000,0000000000,0000000000
0000000000,0000000000,0000000000,0000000000,0000000000,0000000000,0000000000,0000000000,0000000000,0000000000
0000000000,0000000000,0000000000,0000000000,0000000000,0000000000,0000000000,0000000000,0000000000,0000000000
0000000000,0000000000,0000000000,0000000000,0000000000,0000000000,0000000000,0000000000,0000000000,0000000000
0000000000,0000000000,0000000000,0000000000,0000000000,0000000000,0000000000,0000000000,0000000000,0000000000
0000000000,0000000000,0000000000,0000000000,0000000000,0000000000,0000000000,0000000000,0000000000,0000000000
0000000000,0000000000,0000000000,0000000000,0000000000,0000000000,0000000000,0000000000,0000000000,0000000000
0000000000,0000000000,0000000000,0000000000,0000000000,0000000000,0000000000,0000000000,0000000000,0000000000
0000000000,0000000000,0000000000,0000000000,0000000000,0000000000,0000000000,0000000000,0000000000,0000000000
0000000000,0000000000,0000000000,0000000000,0000000000,0000000000,0000000000,0000000000,0000000000,0000000000
0000000000,0000000000,0000000000,0000000000,0000000000,0000000000,0000000000,0000000000,0000000000,0000000000
0000000000,0000000000,0000000000,0000000000,0000000000,0000000000,0000000000,0000000000,0000000000,0000000000
0000000000,0000000000,0000000000,0000000000,0000000000,0000000000,0000000000,0000000000,0000000000,0000000000
0000000000,0000000000,0000000000,0000000000,0000000000,0000000000,0000000000,0000000000,0000000000,0000000000
0000000000,0000000000,0000000000,0000000000,0000000000,0000000000,0000000000,0000000000,0000000000,0000000000
0000000000,0000000000,0000000000,0000000000,0000000000,0000000000,0000000000,0000000000,0000000000,0000000000
0000000000,0000000000,0000000000,0000000000,0000000000,0000000000,0000000000,0000000000,0000000000,0000000000
0000000000,0000000000,0000000000,0000000000,0000000000,0000000000,0000000000,0000000000,0000000000,0000000000
0000000000,0000000000,0000000000,0000000000,0000000000,0000000000,0000000000,0000000000,0000000000,0000000000
0000000000,0000000000,0000000000,0000000000,0000000000,0000000000,0000000000,0000000000,0000000000,0000000000
0000000000,0000000000,0000000000,0000000000,0000000000,0101000000,0000000000,0000000000,0000000000,0000000000
0000000000,0000000000,0000000000,0000000000,0000000000,0000000000,0000000000,0000000000,0000000000,0000000000
0000000000,0000000000,0000000000,0000000000,0000000000,0000000000,0000000000,0000000000,0000000000,0000000000
0000000000,0000000000,0000000000,0000000000,0000000000,0000000000,0000000000,0000000000,0000000000,0000000000
0000000000,0000000000,0000000000,0000000000,0000000000,0000000000,0000000000,0000000000,0000000000,0000000000
0000000000,0000000000,0000000000,0000000000,0000000000,0000000000,0000000000,0000000000,0000000000,0000000000
0000000000,0000000000,0000000000,0000000000,0000000000,0000000000,0000000000,0000000000,0000000000,0000000000
0000000000,0000000000,0000000000,0000000000,0000000000,0000000000,0000000000,0000000000,0000000000,0000000000
0000000000,0000000000,0000000000,0000000000,0000000000,0000000000,0000000000,0000000000,0000000000,0000000000
0000000000,0000000000,0000000000,0000000000,0000000000,0000000000,0000000000,0000000000,0000000000,0000000000
